0 0
0 0
0 0
0 0
0 0
0 0
0 0
0 0
0 0
0 0
0 0
1 0
1 1
1 1
1 1
1 1
1 1
1 1
2 2
2 2
2 2
2 2
2 2
3 3
3 3
3 3
3 3
4 4
4 4
4 4
4 4
5 5
5 5
5 5
5 6
6 6
6 6
6 6
6 7
7 7
7 7
7 8
7 8
8 8
8 8
8 9
8 9
9 9
9 9
9 10
10 10
10 10
10 11
10 11
11 11
11 11
11 12
11 12
12 12
12 12
12 13
13 13
13 13
13 14
13 14
14 14
14 14
14 15
14 15
15 15
15 16
15 16
15 16
16 16
16 17
16 17
16 17
17 18
17 18
17 18
18 18
18 19
18 19
18 19
19 19
19 20
19 20
19 20
20 20
20 21
20 21
20 21
21 21
21 22
21 22
21 22
22 22
22 23
22 23
22 23
23 23
23 24
23 24
23 24
24 24
24 25
24 25
24 25
25 25
25 26
25 26
25 26
26 27
26 27
26 27
27 27
27 28
27 28
27 28
28 29
28 29
28 29
28 29
29 30
29 30
29 30
29 31
30 31
30 31
30 31
30 32
31 32
31 32
31 33
31 33
32 33
32 34
32 34
33 34
33 34
33 35
33 35
34 35
34 36
34 36
34 36
35 36
35 37
35 37
36 37
36 38
36 38
36 38
37 38
37 39
37 39
37 39
38 40
38 40
38 40
39 40
39 41
39 41
39 41
40 42
40 42
40 42
41 42
41 43
41 43
41 43
42 43
42 44
42 44
43 44
43 45
43 45
43 45
44 45
44 46
44 46
44 46
45 47
45 47
45 47
45 48
46 48
46 48
46 48
47 49
47 49
47 49
48 50
48 50
48 50
49 50
49 51
49 51
49 51
50 51
50 52
50 52
50 52
51 52
51 53
51 53
51 53
52 53
52 54
52 54
52 54
53 54
53 55
53 55
53 55
53 55
54 56
54 56
54 56
54 56
55 57
55 57
55 57
55 57
56 58
56 58
56 58
56 59
57 59
57 59
57 59
57 60
58 60
58 60
58 61
58 61
59 61
59 61
59 62
59 62
60 62
60 63
60 63
61 63
61 63
61 64
61 64
62 64
62 64
62 65
62 65
63 65
63 66
63 66
63 66
64 66
64 67
64 67
64 67
65 67
65 68
65 68
65 68
66 69
66 69
66 69
66 69
67 70
67 70
67 70
68 70
68 71
68 71
68 71
69 72
69 72
69 72
69 72
70 73
70 73
70 73
71 73
71 74
71 74
71 74
72 75
72 75
72 75
72 75
73 76
73 76
73 76
73 76
74 77
74 77
74 77
74 78
75 78
75 78
75 78
75 79
76 79
76 79
76 79
76 79
77 80
77 80
77 80
78 80
78 81
78 81
78 81
79 81
79 82
79 82
79 82
80 82
80 83
80 83
80 83
80 83
81 84
81 84
81 84
82 84
82 85
82 85
82 85
83 85
83 86
83 86
83 86
84 86
84 87
84 87
84 87
85 88
85 88
85 88
85 88
86 89
86 89
86 89
86 90
87 90
87 90
87 90
87 91
88 91
88 91
88 92
88 92
89 92
89 93
89 93
90 93
90 93
90 94
96 95
97 95
97 95
98 95
98 95
98 95
99 96
99 96
100 96
100 96
100 97
101 97
101 97
101 97
102 98
102 98
102 98
102 98
103 99
103 99
103 99
104 100
104 100
104 100
104 100
105 101
105 101
105 101
105 101
106 102
106 102
106 102
106 103
107 103
107 103
107 103
107 104
108 104
108 104
108 104
109 105
109 105
109 105
109 106
110 106
110 106
110 106
110 107
111 107
111 107
111 108
111 108
112 108
112 108
112 109
112 109
113 109
113 109
113 110
113 110
114 110
114 110
114 111
114 111
115 111
115 111
115 112
115 112
116 112
116 112
116 113
116 113
117 113
117 113
117 114
117 114
118 114
118 114
118 115
118 115
119 115
119 116
119 116
119 116
120 116
120 117
120 117
121 117
121 118
121 118
121 118
122 119
122 119
122 119
122 119
123 120
123 120
123 120
124 121
124 121
124 121
124 122
125 122
125 122
125 122
125 123
126 123
126 123
126 124
126 124
127 124
127 125
127 125
128 125
128 126
128 126
128 126
129 126
129 127
129 127
130 127
138 129
147 129
155 129
163 129
171 129
171 129
172 129
172 129
172 129
173 129
173 129
174 130
174 130
174 130
174 130
175 130
175 131
175 131
176 131
176 131
176 132
176 132
177 132
177 132
177 132
177 133
178 133
178 133
178 134
178 134
179 134
179 134
179 135
179 135
180 135
180 135
180 136
181 136
181 136
181 137
181 137
182 137
182 137
182 138
182 138
183 138
183 138
183 139
183 139
184 139
184 139
184 140
184 140
185 140
185 140
185 141
185 141
186 141
186 141
186 142
186 142
187 142
187 142
187 142
188 143
188 143
188 143
188 143
189 144
189 144
189 144
189 144
190 145
190 145
190 145
190 146
191 146
191 146
191 146
191 147
192 147
192 147
192 147
192 148
193 148
193 148
193 149
193 149
194 149
194 149
194 150
195 150
195 150
195 150
195 151
196 151
196 151
196 152
196 152
197 152
197 152
197 153
197 153
198 153
198 153
204 155
204 155
205 155
205 155
205 155
206 155
206 155
206 156
207 156
207 156
207 156
208 157
208 157
208 157
209 157
209 158
209 158
209 158
210 158
210 159
210 159
211 159
211 159
211 160
211 160
212 160
212 160
212 161
212 161
213 161
213 161
213 162
213 162
214 162
214 162
214 163
214 163
215 163
216 170
216 170
216 170
216 171
216 171
216 172
216 172
217 172
217 173
217 173
217 173
217 174
218 174
218 174
218 175
218 175
219 175
219 175
219 176
219 176
220 176
220 177
220 177
221 177
221 177
221 178
221 178
222 178
222 179
222 179
222 179
223 179
223 180
229 181
229 181
230 181
230 181
231 181
231 181
231 182
232 182
232 182
232 182
233 183
233 183
233 183
234 183
234 184
234 184
234 184
235 184
235 185
235 185
235 185
236 185
236 186
236 186
236 186
237 187
237 187
237 187
237 187
238 188
238 188
238 188
239 188
239 189
239 189
239 189
240 190
240 190
240 190
240 190
241 191
241 191
241 191
241 191
242 192
242 192
242 192
243 193
243 193
243 193
243 193
244 194
244 194
244 194
244 195
245 195
245 195
245 195
245 196
246 196
246 196
246 196
246 197
247 197
247 197
247 198
248 198
248 198
248 198
248 199
249 199
249 199
249 200
250 200
250 200
250 200
250 200
251 201
251 201
252 202
252 202
253 202
253 203
253 203
253 203
254 204
254 204
255 205
255 205
256 206
256 206
256 206
257 206
257 207
257 207
257 207
258 208
258 208
258 208
258 208
259 209
259 209
259 209
259 209
260 210
260 210
260 210
260 211
261 211
261 211
261 211
262 212
262 212
262 212
262 213
263 213
263 213
263 213
263 214
264 214
264 214
264 215
264 215
265 215
265 215
265 216
265 216
266 216
266 217
266 217
267 217
267 217
267 218
267 218
268 218
268 219
268 219
268 219
269 219
269 220
269 220
269 220
270 220
270 221
270 221
270 221
271 222
271 222
271 222
271 222
272 223
272 223
272 223
272 223
281 225
291 225
298 225
306 225
314 225
322 225
322 225
323 225
323 225
323 225
324 225
324 225
325 226
325 226
325 226
325 226
326 227
326 227
326 227
327 227
327 228
327 228
327 228
328 228
328 229
328 229
329 229
329 229
329 230
329 230
330 230
330 230
330 230
330 231
331 231
331 231
331 231
331 232
332 232
332 232
332 232
332 233
333 233
333 233
333 233
334 234
334 234
334 234
334 234
335 235
335 235
335 235
335 236
336 236
336 236
336 236
336 237
337 237
337 237
337 237
337 238
338 238
338 238
338 239
339 239
339 239
339 239
339 240
340 240
340 240
340 240
340 241
341 241
341 241
341 242
342 242
342 242
342 243
342 243
343 243
343 243
343 244
343 244
344 244
344 245
344 245
344 245
345 245
345 246
345 246
346 246
346 247
346 247
346 247
347 247
347 248
347 248
347 248
348 249
348 249
348 249
349 249
349 250
349 250
349 250
350 251
350 251
350 251
350 251
351 252
351 252
351 252
352 253
352 253
352 253
352 253
353 254
353 254
353 254
353 254
354 255
354 255
354 255
354 256
355 256
355 256
355 256
355 257
356 257
356 257
356 257
356 258
357 258
357 258
357 259
357 259
358 259
358 259
358 260
358 260
359 260
359 260
359 260
359 261
360 261
360 261
360 261
360 262
361 262
361 262
361 262
361 263
362 263
362 263
362 263
363 264
363 264
363 264
363 264
364 265
364 265
364 265
364 265
365 266
365 266
365 266
365 267
366 267
366 267
366 267
366 268
367 268
367 268
367 269
368 269
368 269
368 269
368 270
369 270
369 270
369 271
370 271
370 271
370 271
370 272
371 272
371 272
371 273
371 273
372 273
372 273
372 274
373 274
373 274
373 275
373 275
374 275
374 275
374 276
374 276
375 276
375 277
375 277
376 277
376 277
376 278
376 278
377 278
377 279
377 279
377 279
378 279
378 280
378 280
379 280
379 280
379 281
379 281
380 281
380 281
380 282
380 282
381 282
381 283
381 283
381 283
382 283
382 284
382 284
382 284
383 284
383 285
383 285
383 285
384 285
384 286
384 286
384 286
385 287
385 287
385 287
385 287
386 288
386 288
386 288
386 288
387 289
387 289
387 289
387 289
388 290
388 290
388 290
388 290
389 291
389 291
389 291
389 291
390 291
390 292
390 292
390 292
391 292
391 293
391 293
391 293
392 293
392 294
392 294
392 294
393 294
393 295
393 295
394 295
394 295
394 296
394 296
395 296
395 297
395 297
395 297
396 297
396 298
396 298
396 298
397 298
397 299
397 299
398 299
398 300
398 300
398 300
399 300
399 301
399 301
399 301
400 302
400 302
400 302
401 302
401 303
401 303
401 303
402 304
402 304
402 304
403 305
403 305
403 305
403 305
404 306
404 306
404 306
405 307
405 307
405 307
405 308
406 308
406 308
406 308
406 309
407 309
407 309
407 309
408 310
408 310
408 310
408 311
409 311
409 311
409 311
409 312
415 313
423 313
431 313
439 313
440 313
440 313
440 313
441 313
441 313
442 314
442 314
442 314
443 314
443 315
443 315
444 315
444 315
444 316
444 316
445 316
445 316
445 317
446 317
446 317
446 318
446 318
447 318
447 318
447 319
447 319
448 319
448 319
449 320
449 320
449 320
449 321
450 321
450 321
450 321
451 322
451 322
451 322
451 322
452 323
452 323
452 323
453 324
453 324
453 324
453 324
454 325
454 325
454 325
454 325
455 326
455 326
455 326
456 327
456 327
456 327
456 328
457 328
457 328
457 328
458 329
458 329
458 329
459 330
459 330
459 330
459 331
460 331
460 331
460 331
461 332
461 332
461 332
461 333
462 333
462 333
462 334
463 334
463 334
463 334
463 335
464 335
464 335
464 336
465 336
465 336
465 337
465 337
466 337
466 337
466 338
466 338
467 338
467 339
467 339
468 339
468 340
468 340
468 340
469 340
469 341
469 341
469 341
470 341
470 342
470 342
471 342
471 343
471 343
471 343
472 343
472 344
472 344
472 344
473 345
473 345
473 345
473 345
474 346
474 346
474 346
475 346
475 347
475 347
475 347
476 348
476 348
476 348
476 348
477 349
477 349
477 349
477 349
478 350
478 350
478 350
479 351
479 351
479 351
479 351
480 351
480 352
480 352
480 352
481 352
481 353
481 353
481 353
482 353
482 354
482 354
483 354
483 354
483 355
483 355
484 355
484 355
484 356
484 356
485 356
485 357
485 357
485 357
486 357
486 358
486 358
486 358
487 358
487 359
487 359
488 359
488 360
488 360
488 360
489 360
489 361
489 361
490 361
490 362
490 362
490 362
491 362
491 363
491 363
491 363
492 364
492 364
492 364
493 364
493 365
493 365
493 365
494 366
494 366
494 366
495 366
495 367
495 367
495 367
496 368
496 368
496 368
496 368
497 369
497 369
497 369
498 370
498 370
498 370
498 370
499 371
499 371
499 371
499 371
500 372
500 372
500 372
500 372
501 373
501 373
501 373
502 374
502 374
502 374
502 374
503 375
503 375
503 375
503 375
504 376
504 376
504 376
504 377
505 377
505 377
505 377
505 378
506 378
506 378
506 378
506 379
507 379
507 379
507 379
507 380
508 380
508 380
508 380
508 380
509 381
509 381
509 381
509 381
510 382
510 382
510 382
510 382
511 383
511 383
511 383
511 383
512 383
512 384
512 384
513 384
513 384
513 385
513 385
514 385
514 385
514 386
514 386
515 386
515 387
515 387
515 387
516 387
516 388
525 389
525 389
526 389
526 389
527 389
527 389
528 389
528 390
535 391
543 391
543 391
544 391
544 391
544 391
545 391
545 391
546 392
546 392
546 392
547 392
547 393
547 393
548 393
548 393
548 394
548 394
549 394
549 394
549 395
550 395
550 395
550 396
550 396
551 396
551 396
551 396
551 397
551 397
552 397
552 397
552 398
552 398
552 398
553 398
553 398
553 399
553 399
553 399
553 399
554 399
554 400
554 400
554 400
554 400
554 400
555 400
555 401
555 401
555 401
555 401
555 401
555 401
555 401
556 402
556 402
556 402
556 402
556 402
556 402
556 403
557 403
557 403
557 403
557 403
557 403
557 403
557 404
558 404
558 404
558 404
558 404
558 405
558 405
559 405
559 405
559 405
559 406
559 406
560 406
560 406
560 406
560 407
560 407
561 407
561 407
561 408
561 408
561 408
562 408
562 408
562 409
562 409
562 409
563 409
563 409
563 410
563 410
563 410
564 410
564 410
564 410
564 411
564 411
565 411
565 411
565 411
565 411
565 412
566 412
566 412
566 412
566 412
566 413
567 413
567 413
567 413
567 413
567 413
567 414
568 414
568 414
568 414
568 414
568 415
569 415
569 415
569 415
569 415
569 416
570 416
570 416
570 416
570 417
570 417
571 417
571 417
571 417
571 418
571 418
572 418
572 418
572 418
572 419
573 419
573 419
573 419
574 419
574 419
574 420
574 420
